S1871,Two branches in a conditional structure should not have exactly the same implementation,recommendation,,/67.java,637,52,639,6
S1871,Two branches in a conditional structure should not have exactly the same implementation,recommendation,,/448.java,3228,91,3230,41
S1871,Two branches in a conditional structure should not have exactly the same implementation,recommendation,,/719.java,90,60,93,4
